Student  Arrives  Type  Serve1   Serve2 
-------  -------  ----  -------  -------
      1    0.356  norm    0.026    0.000
      2    0.376  norm    1.157    0.000
      3    0.392  norm    0.181    0.000
      4    0.557  norm    2.638    0.000
      5    1.918  norm    2.156    0.000
      6    2.259  norm    0.874    0.000
      7    2.309  norm    0.482    0.000
      8    3.564   PROB   0.137    9.470
      9    3.659  norm    5.120    0.000
     10    3.955   PROB   0.403    6.593
     11    4.944   PROB   0.287    2.230
     12    6.000  norm    3.701    0.000
     13    6.071   PROB   0.703   10.227
     14    6.166   PROB   0.364   14.062
     15    6.503  norm    0.383    0.000
     16    7.092  norm    3.927    0.000
     17    7.216  norm    3.411    0.000
     18    7.521  norm    0.395    0.000
     19    8.026  norm    0.943    0.000
     20    8.274  norm    0.169    0.000
     21    8.481  norm    3.159    0.000
     22    8.912  norm    0.133    0.000
     23    9.217  norm    1.152    0.000
     24    9.569  norm    1.031    0.000
     25   10.711  norm    0.801    0.000
     26   10.902  norm    1.174    0.000
     27   11.368   PROB   0.594    5.545
     28   11.403  norm    2.382    0.000
     29   12.215  norm    1.437    0.000
     30   13.810  norm    2.770    0.000
     31   13.949  norm    1.728    0.000
     32   14.416   PROB   0.291    2.051
     33   14.724  norm    1.642    0.000
     34   14.889   PROB   0.244    7.734
     35   14.900   PROB   0.179   10.488
     36   14.985  norm    2.045    0.000
     37   15.731  norm    0.354    0.000
     38   16.149  norm    3.562    0.000
     39   16.201  norm    0.356    0.000
     40   16.344   PROB   0.772    6.510
     41   16.428   PROB   0.823    8.710
     42   16.881  norm    3.664    0.000
     43   16.952  norm    8.094    0.000
     44   18.162  norm    1.159    0.000
     45   18.513  norm    1.046    0.000
     46   19.039  norm    1.151    0.000
     47   19.201   PROB   0.709    4.550
     48   19.767  norm    1.102    0.000
     49   19.899  norm    1.073    0.000
     50   20.258  norm    0.969    0.000
     51   20.362  norm    0.031    0.000
     52   20.795   PROB   0.405    6.643
     53   20.934  norm    1.732    0.000
     54   21.243   PROB   0.898    9.858
     55   21.255  norm    1.948    0.000
     56   21.335  norm    2.087    0.000
     57   22.759   PROB   0.233    2.274
     58   22.924   PROB   0.809    3.454
     59   23.213  norm    0.349    0.000
     60   23.478   PROB   0.329    6.156
     61   23.614  norm    0.077    0.000
     62   23.757  norm    6.243    0.000
     63   24.204  norm    2.104    0.000
     64   25.380  norm    0.405    0.000
     65   25.763  norm    0.971    0.000
     66   25.844  norm    0.690    0.000
     67   25.917  norm    1.185    0.000
     68   26.454  norm    6.253    0.000
     69   27.129  norm    2.690    0.000
     70   27.281  norm    3.639    0.000
     71   27.411  norm    0.165    0.000
     72   27.524   PROB   0.045   10.110
     73   27.675  norm    2.726    0.000
     74   27.907  norm    0.104    0.000
     75   28.282  norm    1.598    0.000
     76   28.702  norm    0.164    0.000
     77   28.703  norm    2.219    0.000
     78   29.402  norm    0.987    0.000
     79   29.506  norm    2.418    0.000
     80   29.676  norm    0.221    0.000
     81   29.907  norm    2.971    0.000
     82   30.014   PROB   0.321    5.293
     83   31.014  norm    0.560    0.000
     84   31.264  norm    2.429    0.000
     85   31.421  norm    4.272    0.000
     86   33.179   PROB   0.250    5.403
     87   33.809   PROB   0.357    7.802
     88   34.075   PROB   0.062    8.487
     89   34.134  norm    0.427    0.000
     90   35.143  norm    3.021    0.000
     91   35.396  norm    0.630    0.000
     92   35.636  norm    2.424    0.000
     93   36.434  norm    1.552    0.000
     94   36.523   PROB   0.953   13.651
     95   36.557  norm    0.328    0.000
     96   37.436  norm    0.887    0.000
     97   38.101  norm    0.857    0.000
     98   38.615  norm    1.617    0.000
     99   38.850  norm    0.243    0.000
    100   39.616  norm    3.041    0.000
    101   40.507   PROB   0.711    5.052
    102   40.945  norm    0.926    0.000
    103   41.276  norm    1.283    0.000
    104   42.036  norm    3.528    0.000
    105   42.375  norm    3.940    0.000
    106   43.109  norm    0.527    0.000
    107   43.134  norm    1.777    0.000
    108   44.084  norm    1.589    0.000
    109   44.573  norm    0.215    0.000
    110   44.901   PROB   0.531    5.359
    111   45.028  norm    1.272    0.000
    112   45.398  norm    1.073    0.000
    113   45.898  norm    0.794    0.000
    114   46.244  norm    0.520    0.000
    115   46.793  norm    0.286    0.000
    116   47.682  norm    0.575    0.000
    117   47.958  norm    1.980    0.000
    118   48.013   PROB   0.433    8.289
    119   48.394  norm    1.305    0.000
    120   48.576   PROB   0.329    1.811
    121   48.836  norm    0.543    0.000
    122   48.877  norm    1.509    0.000
    123   49.204  norm    0.384    0.000
    124   51.070  norm    0.041    0.000
    125   51.399  norm    0.600    0.000
    126   52.008  norm    0.736    0.000
    127   52.552   PROB   0.526    1.163
    128   52.788  norm    0.304    0.000
    129   52.819  norm    0.475    0.000
    130   53.534  norm    0.724    0.000
    131   54.206  norm    1.029    0.000
    132   54.589  norm    4.535    0.000
    133   54.613  norm    0.317    0.000
    134   54.991  norm    0.007    0.000
    135   55.988  norm    1.517    0.000
    136   58.096   PROB   0.913    8.556
    137   59.041  norm    0.688    0.000
    138   59.831  norm    0.031    0.000
    139   60.422  norm    2.336    0.000
    140   61.131  norm    0.527    0.000
    141   61.363   PROB   0.490    1.086
    142   62.259  norm    0.709    0.000
    143   62.502  norm    2.352    0.000
    144   62.744   PROB   0.606   18.958
    145   62.754  norm    4.907    0.000
    146   63.034  norm    3.461    0.000
    147   63.484  norm    0.521    0.000
    148   64.610  norm    1.113    0.000
    149   65.216  norm    0.157    0.000
    150   66.209  norm    0.064    0.000
    151   66.532  norm    3.377    0.000
    152   67.394  norm    2.954    0.000
    153   68.262  norm    3.079    0.000
    154   69.499   PROB   0.804    9.415
    155   70.082  norm    0.538    0.000
    156   70.191  norm    1.894    0.000
    157   70.363   PROB   0.264    3.893
    158   71.379  norm    1.205    0.000
    159   71.624   PROB   0.401    8.197
    160   72.022   PROB   0.613    7.486
    161   72.379   PROB   0.771   18.062
    162   72.729   PROB   0.232   10.904
    163   72.859  norm    1.527    0.000
    164   74.068   PROB   0.821   11.792
    165   74.314  norm    3.160    0.000
    166   74.367  norm    0.223    0.000
    167   74.597  norm    0.641    0.000
    168   75.439  norm    2.703    0.000
    169   75.640   PROB   0.329    2.266
    170   75.933  norm    0.690    0.000
    171   76.245  norm    1.085    0.000
    172   76.416  norm    0.150    0.000
    173   76.555  norm    1.436    0.000
    174   77.388  norm    1.920    0.000
    175   77.944  norm    0.216    0.000
    176   78.961  norm    2.188    0.000
    177   79.341  norm    6.192    0.000
    178   81.434  norm    0.404    0.000
    179   81.952  norm    0.104    0.000
    180   82.390  norm    2.028    0.000
    181   82.446  norm    2.570    0.000
    182   82.587  norm    0.879    0.000
    183   82.979  norm    0.109    0.000
    184   84.631  norm    1.973    0.000
    185   84.860  norm    4.576    0.000
    186   85.097  norm    0.171    0.000
    187   85.108  norm    0.948    0.000
    188   85.129   PROB   0.186    0.141
    189   85.257  norm    2.532    0.000
    190   85.795  norm    3.632    0.000
    191   85.929  norm    3.096    0.000
    192   86.142  norm    0.049    0.000
    193   86.187  norm    0.512    0.000
    194   87.215  norm    2.357    0.000
    195   88.140  norm    2.911    0.000
    196   89.354  norm    1.438    0.000
    197   90.317  norm    8.516    0.000
    198   90.493  norm    2.650    0.000
    199   93.811  norm    0.992    0.000
    200   93.968  norm    1.515    0.000
    201   95.348  norm    4.292    0.000
    202   95.981  norm    0.566    0.000
    203   96.204  norm    3.350    0.000
    204   96.500   PROB   0.387   10.512
    205   96.637  norm    0.015    0.000
    206   96.904  norm    2.316    0.000
    207   96.947  norm    2.569    0.000
    208   98.893  norm    0.712    0.000
    209   98.987  norm    0.622    0.000
    210   99.077   PROB   0.804    9.084
    211   99.940  norm    0.275    0.000
    212  101.075  norm    3.719    0.000
    213  101.577  norm    5.696    0.000
    214  101.725  norm    3.576    0.000
    215  102.390   PROB   0.260   22.538
    216  103.044  norm    0.264    0.000
    217  103.063  norm    0.920    0.000
    218  103.375   PROB   0.466    8.101
    219  103.701  norm    0.930    0.000
    220  104.058  norm    0.242    0.000
    221  104.226  norm    1.034    0.000
    222  104.265   PROB   0.245    3.558
    223  104.382  norm    1.642    0.000
    224  105.115  norm    3.166    0.000
    225  105.886  norm    0.880    0.000
    226  106.888  norm    0.603    0.000
    227  107.325  norm    3.067    0.000
    228  107.710  norm    1.789    0.000
    229  108.005  norm    2.302    0.000
    230  108.068  norm    2.337    0.000
    231  108.769  norm    0.717    0.000
    232  108.982  norm    0.486    0.000
    233  109.534  norm    1.429    0.000
    234  110.014  norm    3.614    0.000
    235  110.253  norm    0.311    0.000
    236  110.384   PROB   0.438   14.748
    237  110.608  norm    3.660    0.000
    238  111.120  norm    3.456    0.000
    239  111.602  norm    0.045    0.000
    240  112.229   PROB   0.708   10.385
    241  113.581  norm    1.006    0.000
    242  115.354  norm    1.374    0.000
    243  115.420  norm    0.640    0.000
    244  116.321   PROB   0.427    9.958
    245  116.491  norm    1.134    0.000
    246  117.591   PROB   0.096   16.349
    247  117.618  norm    3.449    0.000
    248  117.683  norm    2.480    0.000
    249  118.571  norm    1.023    0.000
    250  118.668  norm    0.219    0.000
    251  118.700   PROB   0.745    5.857
    252  119.165  norm    1.805    0.000
    253  119.482  norm    0.575    0.000
    254  119.543  norm    2.144    0.000
    255  119.727  norm    1.140    0.000
    256  120.576   PROB   0.223    6.404
    257  121.048   PROB   0.354   13.407
    258  121.379   PROB   0.318   14.923
    259  121.674   PROB   0.815    2.049
    260  122.452  norm    1.778    0.000
    261  122.539   PROB   0.357    5.156
    262  122.956  norm    0.070    0.000
    263  123.458  norm    0.804    0.000
    264  123.484  norm    5.004    0.000
    265  123.856  norm    1.735    0.000
    266  123.933  norm    1.030    0.000
    267  124.306   PROB   0.828   14.629
    268  124.812  norm    0.087    0.000
    269  125.282  norm    1.291    0.000
    270  125.622  norm    3.777    0.000
    271  125.785   PROB   0.069   13.838
    272  125.825  norm    0.344    0.000
    273  126.684   PROB   0.290    9.336
    274  126.941  norm    1.515    0.000
    275  127.341  norm    3.443    0.000
    276  127.595  norm    1.248    0.000
    277  127.629  norm    0.892    0.000
    278  127.709  norm    0.376    0.000
    279  128.051  norm    1.026    0.000
    280  128.125  norm    1.207    0.000
    281  128.818  norm    3.521    0.000
    282  129.178  norm    1.725    0.000
    283  129.913  norm    0.713    0.000
    284  130.110   PROB   0.544    8.639
    285  130.866  norm    3.466    0.000
    286  131.621  norm    1.062    0.000
    287  132.000  norm    2.354    0.000
    288  132.337   PROB   0.445    9.584
    289  132.749  norm    0.360    0.000
    290  133.397   PROB   0.971    7.648
    291  133.683  norm    1.012    0.000
    292  134.230  norm    1.125    0.000
    293  134.230   PROB   0.319    5.078
    294  134.737   PROB   0.688    6.980
    295  135.245  norm    1.133    0.000
    296  135.485  norm    4.139    0.000
    297  135.838  norm    0.316    0.000
    298  136.010   PROB   0.273    7.445
    299  136.805  norm    5.054    0.000
    300  137.358  norm    1.215    0.000
    301  139.347   PROB   0.960    0.673
    302  141.117  norm    1.805    0.000
    303  141.151  norm    0.690    0.000
    304  141.182  norm    1.346    0.000
    305  142.079  norm    2.979    0.000
    306  142.385  norm    0.201    0.000
    307  142.438  norm    0.372    0.000
    308  142.881  norm    1.489    0.000
    309  144.615  norm    3.638    0.000
    310  144.631  norm    0.077    0.000
    311  144.664  norm    0.249    0.000
    312  145.420  norm    0.103    0.000
    313  146.209  norm    1.096    0.000
    314  146.531   PROB   0.409    6.909
    315  146.994  norm    1.080    0.000
    316  147.547  norm    0.765    0.000
    317  147.668  norm    0.988    0.000
    318  147.704  norm    3.626    0.000
    319  148.765  norm    1.739    0.000
    320  149.540  norm    3.172    0.000
    321  150.046  norm    1.976    0.000
    322  150.498  norm    0.428    0.000
    323  150.897  norm    6.036    0.000
    324  150.987  norm    2.054    0.000
    325  152.699  norm    6.751    0.000
    326  152.901  norm    2.602    0.000
    327  153.632  norm    0.996    0.000
    328  153.836  norm    0.339    0.000
    329  154.310  norm    1.422    0.000
    330  154.344   PROB   0.976   10.621
    331  154.450  norm    0.191    0.000
    332  154.648  norm    7.498    0.000
    333  154.973  norm    0.113    0.000
    334  155.011  norm    2.441    0.000
    335  156.886  norm    2.541    0.000
    336  157.442  norm    1.233    0.000
    337  159.215   PROB   0.616    3.015
    338  159.289   PROB   0.120    6.752
    339  160.044  norm    0.060    0.000
    340  160.300  norm    3.031    0.000
    341  163.232  norm    2.972    0.000
    342  163.621  norm    2.620    0.000
    343  164.324   PROB   0.468    5.174
    344  164.348   PROB   0.735   11.152
    345  165.991   PROB   0.082    3.690
    346  166.023   PROB   0.426    7.808
    347  166.435  norm    2.393    0.000
    348  166.945  norm    0.894    0.000
    349  167.688   PROB   0.498   13.921
    350  169.762  norm    6.544    0.000
    351  169.980  norm    0.470    0.000
    352  170.600  norm    0.752    0.000
    353  171.507  norm    0.552    0.000
    354  171.553  norm    0.412    0.000
    355  172.331  norm    3.176    0.000
    356  172.503  norm    3.442    0.000
    357  172.533   PROB   0.529    9.610
    358  173.064  norm    0.132    0.000
    359  173.076  norm    0.704    0.000
    360  174.302  norm    8.023    0.000
    361  175.231  norm    0.450    0.000
    362  175.544  norm    0.914    0.000
    363  176.167  norm    1.417    0.000
    364  176.635  norm    1.146    0.000
    365  176.688  norm    1.558    0.000
    366  177.496  norm    2.099    0.000
    367  177.502  norm    2.777    0.000
    368  178.686  norm    0.073    0.000
    369  178.820   PROB   0.982   11.118
    370  179.113  norm    3.231    0.000
    371  179.547  norm    0.921    0.000
    372  180.461  norm    1.754    0.000
    373  180.542  norm    0.631    0.000
    374  181.103  norm    5.940    0.000
    375  181.528  norm    2.030    0.000
    376  182.917  norm    3.719    0.000
    377  183.066   PROB   0.077    1.139
    378  183.226  norm    1.354    0.000
    379  183.743   PROB   0.186   14.364
    380  183.876  norm    0.240    0.000
    381  184.183  norm    0.204    0.000
    382  184.554  norm    9.868    0.000
    383  186.078  norm    0.931    0.000
    384  186.227  norm    0.438    0.000
    385  186.316  norm    0.167    0.000
    386  186.431  norm    1.074    0.000
    387  186.514  norm    1.434    0.000
    388  186.536  norm    1.336    0.000
    389  186.696  norm    1.798    0.000
    390  187.155   PROB   0.333    0.268
    391  187.413  norm    3.062    0.000
    392  187.476  norm    0.815    0.000
    393  187.588  norm    2.398    0.000
    394  187.924   PROB   0.330   10.458
    395  188.145   PROB   0.551   14.856
    396  188.508   PROB   0.025   29.649
    397  189.448  norm    1.560    0.000
    398  189.531  norm    4.752    0.000
    399  189.627   PROB   0.186    1.051
    400  190.355  norm    3.600    0.000
    401  190.840  norm    1.860    0.000
    402  191.075  norm    1.683    0.000
    403  191.429  norm    0.097    0.000
    404  192.593  norm    6.685    0.000
    405  192.873  norm    0.627    0.000
    406  193.157  norm    0.455    0.000
    407  193.519  norm    1.439    0.000
    408  193.822  norm    0.150    0.000
    409  194.385   PROB   0.582   16.826
    410  194.443  norm    0.422    0.000
    411  195.400   PROB   0.176   18.670
    412  195.702  norm    0.250    0.000
    413  195.858   PROB   0.670   10.522
    414  196.442  norm    2.576    0.000
    415  197.006  norm    2.412    0.000
    416  197.288  norm    2.284    0.000
    417  197.762  norm    0.875    0.000
    418  199.252  norm    1.314    0.000
    419  199.766  norm    2.950    0.000
    420  200.037   PROB   0.398    0.461
    421  200.514  norm    3.742    0.000
    422  200.609  norm    2.516    0.000
    423  201.801   PROB   0.193    4.195
    424  203.271  norm    3.678    0.000
    425  203.844  norm    1.182    0.000
    426  203.918  norm    1.723    0.000
    427  203.987  norm    0.350    0.000
    428  204.012  norm    0.038    0.000
    429  204.647  norm    0.915    0.000
    430  204.718  norm    2.701    0.000
    431  205.026  norm    1.520    0.000
    432  205.171  norm    0.894    0.000
    433  205.243  norm    0.959    0.000
    434  206.573  norm    1.608    0.000
    435  206.983  norm    0.362    0.000
    436  207.430   PROB   0.535    2.625
    437  208.322  norm    3.216    0.000
    438  209.171  norm    2.192    0.000
    439  209.607  norm    0.704    0.000
    440  210.061  norm    3.450    0.000
    441  210.185  norm    2.816    0.000
    442  210.610  norm    0.542    0.000
    443  210.713  norm    1.124    0.000
    444  210.890  norm    1.628    0.000
    445  211.003  norm    0.486    0.000
    446  211.329  norm    1.371    0.000
    447  211.701  norm    4.529    0.000
    448  211.831  norm    0.075    0.000
    449  211.935  norm    1.139    0.000
    450  212.126  norm    1.954    0.000
    451  212.274  norm    0.476    0.000
    452  212.546  norm    1.846    0.000
    453  212.588  norm    0.510    0.000
    454  212.818  norm    0.650    0.000
    455  213.204   PROB   0.578   12.764
    456  213.460   PROB   0.141    7.586
    457  213.630  norm    0.070    0.000
    458  213.897   PROB   0.696   16.293
    459  213.909  norm    0.572    0.000
    460  214.024  norm    0.194    0.000
    461  214.654  norm    2.322    0.000
    462  215.316  norm    0.516    0.000
    463  216.340  norm    0.957    0.000
    464  216.565  norm    0.280    0.000
    465  217.304  norm    3.781    0.000
    466  217.363  norm    0.121    0.000
    467  218.028  norm    2.129    0.000
    468  219.203  norm    0.392    0.000
    469  219.426  norm    2.149    0.000
    470  220.300  norm    3.538    0.000
    471  221.045  norm    0.555    0.000
    472  221.270  norm    2.839    0.000
    473  222.366  norm    1.546    0.000
    474  222.906  norm    0.890    0.000
    475  223.421   PROB   0.212    1.801
    476  224.152  norm    0.995    0.000
    477  224.304  norm    5.052    0.000
    478  225.428  norm    1.065    0.000
    479  225.773  norm    0.441    0.000
    480  226.300   PROB   0.362   11.904
    481  227.393  norm    3.496    0.000
    482  227.579  norm    1.773    0.000
    483  230.356  norm    0.302    0.000
    484  230.379  norm    2.552    0.000
    485  230.936   PROB   0.820    6.840
    486  231.041  norm    0.805    0.000
    487  231.214  norm    0.119    0.000
    488  231.541  norm    0.189    0.000
    489  231.551   PROB   0.557   14.573
    490  231.739  norm    1.420    0.000
    491  231.761  norm    2.587    0.000
    492  233.945   PROB   0.564    1.832
    493  234.857   PROB   0.069    5.545
    494  236.482  norm    2.197    0.000
    495  236.743   PROB   0.353    8.364
    496  236.795  norm    0.915    0.000
    497  237.177  norm    2.484    0.000
    498  238.418   PROB   0.333   14.437
    499  238.438  norm    0.382    0.000
    500  239.363  norm    1.721    0.000
