Student  Arrives  Type  Serve1   Serve2 
-------  -------  ----  -------  -------
      1    0.234  norm    0.195    0.000
      2    0.533  norm    4.592    0.000
      3    0.601   PROB   0.549    0.409
      4    2.447  norm    1.971    0.000
      5    2.448   PROB   0.306    2.110
      6    2.863  norm    2.229    0.000
      7    4.127  norm    0.407    0.000
      8    4.966   PROB   0.320   12.923
      9    6.663  norm    1.833    0.000
     10    7.620  norm    0.028    0.000
     11    8.115  norm    0.052    0.000
     12    8.563  norm    4.213    0.000
     13    8.589  norm    0.369    0.000
     14   10.367  norm    4.184    0.000
     15   10.534  norm    0.936    0.000
     16   10.655   PROB   0.064   12.380
     17   11.038  norm    0.213    0.000
     18   11.078  norm    5.021    0.000
     19   11.348   PROB   0.106   11.881
     20   11.395  norm    1.094    0.000
     21   11.508  norm    0.669    0.000
     22   12.377   PROB   0.201   14.137
     23   12.409  norm    0.363    0.000
     24   12.475  norm    1.999    0.000
     25   12.676  norm    0.380    0.000
     26   12.907  norm    0.654    0.000
     27   13.592  norm    0.181    0.000
     28   14.234  norm    1.986    0.000
     29   14.841  norm    0.150    0.000
     30   15.074  norm    1.621    0.000
     31   15.424  norm    1.196    0.000
     32   16.209  norm    1.120    0.000
     33   16.669  norm    0.022    0.000
     34   18.778  norm    1.043    0.000
     35   19.773  norm    0.185    0.000
     36   20.442  norm    2.266    0.000
     37   21.265  norm    0.035    0.000
     38   22.269  norm    2.568    0.000
     39   23.247  norm    0.522    0.000
     40   23.562   PROB   0.437    7.397
     41   24.020  norm    5.316    0.000
     42   24.113  norm    2.249    0.000
     43   24.123  norm    2.225    0.000
     44   24.367  norm    3.898    0.000
     45   25.085  norm    4.748    0.000
     46   25.490  norm    2.538    0.000
     47   25.727  norm    0.536    0.000
     48   25.983  norm    0.632    0.000
     49   26.410  norm    0.174    0.000
     50   26.507  norm    0.312    0.000
     51   26.820  norm    4.027    0.000
     52   28.058  norm    4.219    0.000
     53   28.914  norm    0.818    0.000
     54   29.497  norm    0.457    0.000
     55   29.684  norm    2.631    0.000
     56   30.602  norm    0.494    0.000
     57   31.351  norm    0.238    0.000
     58   31.495  norm    2.326    0.000
     59   31.794  norm    1.366    0.000
     60   32.227  norm    0.747    0.000
     61   32.356  norm    0.653    0.000
     62   32.721  norm    4.680    0.000
     63   33.926  norm    0.749    0.000
     64   33.945  norm    2.364    0.000
     65   34.248  norm    0.624    0.000
     66   34.768  norm    1.811    0.000
     67   34.895  norm    3.516    0.000
     68   35.386  norm    1.043    0.000
     69   35.522  norm    9.084    0.000
     70   35.695   PROB   0.905   13.134
     71   35.969  norm    8.543    0.000
     72   36.109  norm    3.315    0.000
     73   37.089  norm    0.258    0.000
     74   37.563  norm    0.242    0.000
     75   37.581  norm    1.082    0.000
     76   37.763  norm    2.253    0.000
     77   37.815  norm   14.583    0.000
     78   37.967  norm    2.205    0.000
     79   38.019  norm    0.676    0.000
     80   38.637  norm    0.014    0.000
     81   38.774   PROB   0.510    7.834
     82   39.028  norm    1.788    0.000
     83   39.103  norm    2.041    0.000
     84   40.109  norm    3.996    0.000
     85   40.141  norm    7.087    0.000
     86   40.707  norm    4.404    0.000
     87   40.811  norm    0.135    0.000
     88   41.383  norm    5.750    0.000
     89   42.324  norm    1.325    0.000
     90   42.471  norm    0.429    0.000
     91   43.227   PROB   0.866    0.364
     92   43.638  norm    0.763    0.000
     93   43.875  norm    0.086    0.000
     94   44.651   PROB   0.736    5.821
     95   46.078  norm    0.233    0.000
     96   46.343  norm    1.151    0.000
     97   47.687  norm    0.851    0.000
     98   47.970  norm    1.598    0.000
     99   48.087   PROB   0.989    0.790
    100   48.595  norm    3.460    0.000
    101   48.769  norm    0.382    0.000
    102   49.699  norm    2.098    0.000
    103   50.170  norm    1.850    0.000
    104   50.251  norm    1.730    0.000
    105   50.930  norm    4.039    0.000
    106   51.029  norm    0.561    0.000
    107   51.595  norm    5.409    0.000
    108   51.810  norm    0.099    0.000
    109   51.841  norm    1.130    0.000
    110   51.891  norm    1.036    0.000
    111   52.184  norm    5.981    0.000
    112   52.262  norm    0.192    0.000
    113   52.639  norm    0.352    0.000
    114   53.327  norm    0.740    0.000
    115   53.614  norm    0.424    0.000
    116   55.032   PROB   0.855    5.213
    117   56.366  norm    1.819    0.000
    118   57.151  norm    2.294    0.000
    119   57.735  norm    0.198    0.000
    120   58.256  norm    2.169    0.000
    121   58.649  norm    1.171    0.000
    122   58.892  norm   12.808    0.000
    123   59.553  norm    0.869    0.000
    124   60.103  norm    1.469    0.000
    125   60.185  norm    1.349    0.000
    126   60.287  norm    0.230    0.000
    127   60.745  norm    3.712    0.000
    128   61.938  norm    2.113    0.000
    129   61.955  norm    4.790    0.000
    130   62.166  norm    1.654    0.000
    131   63.022  norm    7.259    0.000
    132   63.770  norm    3.760    0.000
    133   65.596  norm    0.807    0.000
    134   65.964  norm    1.089    0.000
    135   66.239  norm    1.869    0.000
    136   66.337  norm    0.936    0.000
    137   66.482  norm    5.644    0.000
    138   67.510  norm    0.444    0.000
    139   68.958  norm    0.468    0.000
    140   69.322  norm    0.074    0.000
    141   69.844   PROB   0.618    2.243
    142   69.872  norm    2.009    0.000
    143   70.138  norm    0.169    0.000
    144   70.746  norm    3.018    0.000
    145   71.040  norm    0.250    0.000
    146   71.165  norm    0.794    0.000
    147   71.387  norm    0.709    0.000
    148   71.464  norm    3.688    0.000
    149   71.739  norm    3.340    0.000
    150   71.755  norm    0.398    0.000
    151   72.599  norm    0.011    0.000
    152   73.269  norm    2.382    0.000
    153   74.271  norm    1.622    0.000
    154   74.783  norm    1.731    0.000
    155   74.970  norm    5.339    0.000
    156   76.114  norm    0.062    0.000
    157   76.515  norm    0.952    0.000
    158   77.124  norm    1.241    0.000
    159   78.192  norm    0.969    0.000
    160   78.569  norm    5.955    0.000
    161   79.287  norm    3.228    0.000
    162   79.526  norm    0.520    0.000
    163   79.554  norm    0.351    0.000
    164   79.574  norm    0.307    0.000
    165   79.738  norm    3.957    0.000
    166   79.933   PROB   0.217    8.569
    167   80.925   PROB   0.232   16.129
    168   81.126   PROB   0.486   12.667
    169   81.369  norm    1.174    0.000
    170   81.954  norm    1.391    0.000
    171   82.859  norm    0.784    0.000
    172   83.692   PROB   0.374   10.038
    173   84.676  norm    2.098    0.000
    174   84.749  norm    2.083    0.000
    175   84.753  norm    1.065    0.000
    176   84.998  norm    0.476    0.000
    177   87.104  norm    1.639    0.000
    178   87.960  norm    0.982    0.000
    179   89.147  norm    5.716    0.000
    180   89.462  norm    0.194    0.000
    181   89.852  norm    2.864    0.000
    182   90.104  norm    5.969    0.000
    183   90.521  norm    6.356    0.000
    184   92.058  norm    2.130    0.000
    185   92.892  norm    0.683    0.000
    186   92.902  norm    0.492    0.000
    187   93.266  norm    2.645    0.000
    188   93.413  norm    0.238    0.000
    189   93.841  norm    2.146    0.000
    190   94.056  norm    1.866    0.000
    191   94.835  norm    0.200    0.000
    192   94.997  norm    0.152    0.000
    193   95.058  norm    5.341    0.000
    194   95.447   PROB   0.938   12.058
    195   96.680  norm    2.328    0.000
    196   96.958  norm    1.812    0.000
    197   97.076  norm    5.090    0.000
    198   97.220  norm    0.172    0.000
    199   98.522   PROB   0.327    6.106
    200   98.991  norm    0.307    0.000
    201   99.069  norm    2.941    0.000
    202   99.568  norm    0.243    0.000
    203   99.786  norm    3.508    0.000
    204   99.917  norm    0.240    0.000
    205  100.514  norm    0.363    0.000
    206  100.725  norm    2.346    0.000
    207  100.854  norm    5.948    0.000
    208  100.964  norm    2.588    0.000
    209  101.045  norm    1.393    0.000
    210  101.437  norm    1.737    0.000
    211  101.479  norm    1.776    0.000
    212  102.723  norm    1.089    0.000
    213  102.891  norm    1.796    0.000
    214  103.971  norm    1.119    0.000
    215  105.396  norm    3.409    0.000
    216  105.570  norm    0.203    0.000
    217  105.812  norm    2.480    0.000
    218  106.184  norm    0.977    0.000
    219  106.396  norm    0.342    0.000
    220  107.063  norm    0.288    0.000
    221  107.190   PROB   0.343   14.832
    222  107.254  norm    1.870    0.000
    223  107.448  norm    1.176    0.000
    224  107.529  norm    2.076    0.000
    225  107.577  norm    2.825    0.000
    226  108.455  norm    2.684    0.000
    227  108.711  norm    1.219    0.000
    228  110.109  norm    1.499    0.000
    229  110.835  norm    0.011    0.000
    230  111.014  norm    1.664    0.000
    231  111.491  norm    0.168    0.000
    232  111.497  norm    1.635    0.000
    233  111.872  norm    6.599    0.000
    234  112.473  norm    1.937    0.000
    235  112.814  norm    2.234    0.000
    236  113.558   PROB   0.456   11.300
    237  113.644  norm    5.992    0.000
    238  114.210   PROB   0.787    6.366
    239  114.248  norm    0.499    0.000
    240  114.318  norm    0.127    0.000
    241  115.727  norm    0.089    0.000
    242  115.976  norm    4.146    0.000
    243  117.026  norm    0.793    0.000
    244  117.365  norm    9.661    0.000
    245  117.894  norm    0.197    0.000
    246  118.240   PROB   0.665    5.269
    247  119.673  norm    0.608    0.000
    248  120.388   PROB   0.220    5.030
    249  120.820  norm    0.687    0.000
    250  120.905  norm    5.405    0.000
    251  121.709  norm    9.397    0.000
    252  121.919  norm    2.126    0.000
    253  122.264  norm    6.584    0.000
    254  122.272  norm    1.406    0.000
    255  122.598  norm    0.297    0.000
    256  122.677  norm    1.902    0.000
    257  123.270  norm    1.171    0.000
    258  123.406  norm    0.111    0.000
    259  123.764  norm    0.294    0.000
    260  124.193  norm   10.337    0.000
    261  125.660  norm    5.410    0.000
    262  125.985  norm    0.128    0.000
    263  127.300  norm    0.946    0.000
    264  127.688  norm    1.448    0.000
    265  128.073  norm    0.129    0.000
    266  129.185  norm    1.652    0.000
    267  129.336   PROB   0.196    8.397
    268  129.629  norm    8.305    0.000
    269  129.770  norm    0.293    0.000
    270  129.843  norm    2.825    0.000
    271  130.233  norm    2.927    0.000
    272  130.339  norm    0.852    0.000
    273  130.558  norm    2.815    0.000
    274  130.786  norm    0.471    0.000
    275  130.965   PROB   0.437   10.849
    276  131.071  norm    0.022    0.000
    277  131.591  norm    1.470    0.000
    278  131.727  norm    1.936    0.000
    279  132.148  norm    1.760    0.000
    280  132.365  norm    4.018    0.000
    281  132.620  norm    1.955    0.000
    282  133.823  norm    0.700    0.000
    283  134.878  norm    0.637    0.000
    284  134.917  norm    4.709    0.000
    285  135.171   PROB   0.060   10.923
    286  135.190   PROB   0.953   14.431
    287  135.341  norm    0.751    0.000
    288  135.497  norm    0.069    0.000
    289  136.774  norm    0.081    0.000
    290  137.518  norm    0.227    0.000
    291  137.660  norm    0.469    0.000
    292  137.867  norm    0.317    0.000
    293  138.565  norm    5.017    0.000
    294  139.321  norm    3.395    0.000
    295  140.328  norm    1.380    0.000
    296  140.436  norm    8.217    0.000
    297  140.529  norm    3.804    0.000
    298  140.646  norm    3.547    0.000
    299  141.175  norm    1.889    0.000
    300  141.310  norm    0.707    0.000
    301  142.892  norm    1.341    0.000
    302  143.526  norm    0.381    0.000
    303  144.031  norm    1.188    0.000
    304  144.267  norm    1.009    0.000
    305  144.519  norm    0.026    0.000
    306  144.831  norm    0.875    0.000
    307  145.045  norm    1.057    0.000
    308  145.054   PROB   0.926   21.325
    309  145.208   PROB   0.554    9.717
    310  145.262  norm    1.586    0.000
    311  146.119   PROB   0.270    2.033
    312  146.154  norm    3.684    0.000
    313  147.092  norm    2.173    0.000
    314  147.871  norm    2.641    0.000
    315  148.309  norm    3.858    0.000
    316  149.645  norm    1.915    0.000
    317  150.927  norm    2.269    0.000
    318  151.027  norm    0.581    0.000
    319  151.578  norm    2.905    0.000
    320  151.941  norm    0.352    0.000
    321  152.686  norm    0.955    0.000
    322  152.972  norm    4.746    0.000
    323  153.438  norm    2.338    0.000
    324  153.567  norm    0.842    0.000
    325  153.668  norm    0.114    0.000
    326  153.784  norm    3.875    0.000
    327  154.065   PROB   0.822    7.552
    328  155.848  norm    1.169    0.000
    329  156.129  norm    2.851    0.000
    330  156.656  norm    0.457    0.000
    331  157.209  norm    3.453    0.000
    332  157.294  norm    4.199    0.000
    333  157.469  norm    3.023    0.000
    334  157.747  norm    0.832    0.000
    335  157.967   PROB   0.557   14.833
    336  158.546  norm    1.660    0.000
    337  158.577  norm    1.889    0.000
    338  159.159   PROB   0.672    9.390
    339  159.170  norm    0.662    0.000
    340  160.887  norm    1.615    0.000
    341  161.241  norm    4.386    0.000
    342  161.289  norm    1.958    0.000
    343  161.885  norm    1.665    0.000
    344  163.076  norm    0.458    0.000
    345  164.327  norm    0.144    0.000
    346  165.119  norm    8.860    0.000
    347  166.334   PROB   0.385   17.213
    348  167.551  norm    0.531    0.000
    349  167.588  norm    0.583    0.000
    350  167.889  norm    0.065    0.000
    351  168.492  norm    0.449    0.000
    352  169.584  norm    0.744    0.000
    353  169.730  norm    2.643    0.000
    354  169.855  norm    0.005    0.000
    355  170.303  norm    0.265    0.000
    356  170.440  norm    2.406    0.000
    357  170.577  norm    0.510    0.000
    358  171.287  norm    0.364    0.000
    359  171.768  norm    3.880    0.000
    360  172.808  norm    0.775    0.000
    361  172.996   PROB   0.005    6.468
    362  173.120  norm    6.464    0.000
    363  173.306  norm    1.633    0.000
    364  173.417  norm    3.122    0.000
    365  173.566  norm    0.574    0.000
    366  173.716  norm    1.115    0.000
    367  174.319  norm    0.829    0.000
    368  174.383  norm    6.170    0.000
    369  174.599  norm    8.549    0.000
    370  174.617  norm    3.482    0.000
    371  174.810  norm    0.140    0.000
    372  174.831  norm    0.501    0.000
    373  175.067  norm    1.483    0.000
    374  175.183  norm    0.387    0.000
    375  175.292  norm    1.885    0.000
    376  176.327   PROB   0.094   16.982
    377  176.803  norm    0.014    0.000
    378  178.095  norm    1.111    0.000
    379  179.100  norm    2.680    0.000
    380  179.109  norm    0.601    0.000
    381  180.048  norm    0.777    0.000
    382  180.989  norm    1.016    0.000
    383  181.210  norm    0.149    0.000
    384  181.453  norm    0.560    0.000
    385  181.672  norm    2.332    0.000
    386  181.743  norm    5.761    0.000
    387  181.856  norm    1.904    0.000
    388  182.093  norm    2.242    0.000
    389  183.352  norm    0.317    0.000
    390  183.638  norm    6.042    0.000
    391  183.921  norm    2.413    0.000
    392  185.089  norm    2.583    0.000
    393  185.952   PROB   0.797    4.899
    394  187.163  norm    0.231    0.000
    395  187.594  norm    0.126    0.000
    396  187.824  norm    4.082    0.000
    397  188.751   PROB   0.490   16.484
    398  188.874  norm    3.090    0.000
    399  189.429  norm    2.494    0.000
    400  189.998   PROB   0.634    9.477
    401  190.153  norm    1.862    0.000
    402  190.509  norm    2.853    0.000
    403  190.648  norm    0.719    0.000
    404  190.787  norm    1.110    0.000
    405  191.804   PROB   0.313    8.235
    406  192.098  norm    2.774    0.000
    407  192.293  norm    3.952    0.000
    408  193.962  norm    1.909    0.000
    409  195.333  norm    0.176    0.000
    410  195.432  norm    1.886    0.000
    411  195.727  norm    0.043    0.000
    412  195.871  norm    1.907    0.000
    413  196.012  norm    4.632    0.000
    414  196.242   PROB   0.690    7.031
    415  196.752  norm    0.787    0.000
    416  196.755  norm    0.121    0.000
    417  196.798  norm    2.307    0.000
    418  196.891  norm    0.148    0.000
    419  197.179  norm    4.487    0.000
    420  197.690  norm    0.124    0.000
    421  197.817  norm    0.494    0.000
    422  197.952  norm    0.089    0.000
    423  198.974  norm    9.013    0.000
    424  199.003  norm    5.611    0.000
    425  200.561  norm    2.917    0.000
    426  201.213   PROB   0.145    6.032
    427  201.529  norm    0.544    0.000
    428  202.073  norm    2.888    0.000
    429  202.101  norm    0.625    0.000
    430  202.280  norm    3.406    0.000
    431  202.434  norm    0.000    0.000
    432  202.661  norm    0.256    0.000
    433  203.480  norm    1.775    0.000
    434  203.537  norm    0.994    0.000
    435  204.317  norm    2.448    0.000
    436  204.737  norm    0.471    0.000
    437  206.918  norm    1.824    0.000
    438  207.747  norm    0.255    0.000
    439  207.785  norm    1.178    0.000
    440  207.885  norm    6.876    0.000
    441  208.953  norm    1.693    0.000
    442  209.362  norm    0.288    0.000
    443  209.886  norm    2.561    0.000
    444  210.353   PROB   0.209   11.594
    445  210.511  norm    0.225    0.000
    446  210.518  norm    1.698    0.000
    447  210.914  norm    1.626    0.000
    448  211.614  norm    0.102    0.000
    449  211.900  norm    0.406    0.000
    450  212.100  norm    1.497    0.000
    451  212.277  norm    2.558    0.000
    452  212.291  norm    1.732    0.000
    453  212.375   PROB   0.957    7.296
    454  212.465  norm    0.400    0.000
    455  213.823  norm    0.513    0.000
    456  214.027  norm    3.188    0.000
    457  214.653  norm    0.938    0.000
    458  215.209  norm    0.749    0.000
    459  217.333  norm    2.567    0.000
    460  217.376  norm    0.350    0.000
    461  218.490  norm    3.507    0.000
    462  218.845   PROB   0.938    9.987
    463  219.177  norm    0.564    0.000
    464  219.273  norm    1.403    0.000
    465  221.035  norm    2.996    0.000
    466  221.928  norm    8.511    0.000
    467  223.570  norm    2.541    0.000
    468  223.579  norm    1.181    0.000
    469  224.235  norm    1.090    0.000
    470  224.412   PROB   0.210    5.771
    471  224.711  norm    0.415    0.000
    472  225.079  norm    0.953    0.000
    473  225.381  norm    1.654    0.000
    474  225.414  norm    0.015    0.000
    475  225.740  norm    2.621    0.000
    476  225.786  norm    1.613    0.000
    477  227.049  norm    2.004    0.000
    478  227.817  norm    1.748    0.000
    479  227.858  norm    2.024    0.000
    480  228.349  norm    0.903    0.000
    481  228.615  norm    2.869    0.000
    482  229.094  norm    0.468    0.000
    483  229.859  norm    5.685    0.000
    484  230.247  norm    2.392    0.000
    485  230.869   PROB   0.752   27.765
    486  230.990  norm    0.327    0.000
    487  231.477  norm   11.479    0.000
    488  232.147  norm    3.350    0.000
    489  232.199  norm    1.857    0.000
    490  232.869  norm    0.711    0.000
    491  232.938  norm    0.243    0.000
    492  233.429  norm    3.184    0.000
    493  233.647  norm    0.498    0.000
    494  234.569  norm    5.588    0.000
    495  234.769  norm    1.292    0.000
    496  234.826   PROB   0.018    9.085
    497  235.541  norm    0.183    0.000
    498  236.112  norm    0.059    0.000
    499  236.827  norm    1.777    0.000
    500  237.277  norm    1.407    0.000
